 00017.0626,   48.462445,008.961806, 091.4009556,   00000014.042
     00057.0706,     0092.9954941,86.5432702,000084.1919, 00000020.923
0042.64406,    12.4561308, 0091.136,      0099.8394,   84.12744435
 0000089.1606,  00000024.934,      47.71716551,  24.74831253, 09.96826
     00013.06889,   67.55661, 00072.86746,     0001.780462,     00091.97132
  44.61116511,  32.83659068,000068.8911,    40.87691256,    10.5564856
      21.64752,      06.2591638,73.26661,     061.2296,    00042.596069
   096.556246,    085.79591034,012.4363771,     00033.27453,     65.21765738
     0029.2665,     033.869857,   000030.5909, 0012.101,  000014.4263
   002.05485,    000.99563,     0.74728044,     63.5894287, 054.5349468
   030.3357,   0084.6933,    0021.3032,      0018.3676893,    000041.3073
   000070.8212,   82.7175184,0006.5168709,    0068.551,000038.804
     009.5674,     0077.38685,   000047.9426,  00096.8692,    00.517482
  0000078.332,00037.162,  000099.8251,   000.09829154, 0058.4154
   000059.3345, 40.1310279,   0000047.894,     00037.5126, 000052.128
   0073.7481023,      77.73102451,00000087.996,00099.0279,  00083.048015
    97.45443896,   00076.0933,  0002.97202,  081.6304254,      13.4641197
     87.49834157, 00091.26054,    55.43587,   7.074371608,0080.219011
62.3094431, 60.30881172,   73.46891591,   24.0140951,   054.41147
     88.06214,     81.23851268,   0057.9773,   85.46821813,    06.426961538
     00078.414767, 00079.61253,  000043.895, 000056.341,092.2401
  1.25600265,      08.818413,    38.043805, 004.827996,     0024.6736
     000075.77233,   00000013.165, 009.9002904,  015.6729,04.7733507
    0000061.772,      016.3615021,056.485113,04.14127226,  0045.936
     0.9170185874,      86.461321,0035.6311,   00000040.03,36.5286855
      40.672699,     00015.451,0098.7298, 062.32124645,    00094.968339
   000018.8023,    0000008.2776,   21.41774963, 00084.591502,    97.865838
 0000030.905,      059.1649,   057.1659,00057.33339,    0025.0462999
 073.1452561, 000080.219,     0084.8947,  0001.369784,   0029.421
 29.136206,50.29878,    000033.69775,  60.299517,    42.885674
 00034.4806,      0000002.6258,   12.02532787, 000058.8348,      0000097.3705
000072.37237,014.2507,    98.86677387, 70.99192772, 000066.7303
   0000069.581, 0097.81328,00014.6795, 000092.9639,  007.45562
0011.4170652,     037.9138,   00000066.649,      13.22019671,      014.12140649
 058.720907,    0071.05509, 0000040.093,  00035.1634, 00073.009
   99.712545,      32.90804096,   00000026.125,     00076.653,     00034.63216
    44.7737886,  040.2930762,   40.932513,  000009.71261,      42.0720734
     000007.79603,   0033.3096291,   00000077.549,   91.75112325,      0038.7932
   0088.2979,     0026.073532,     14.2617608,      00047.9361,  47.79667958
      00000049.245,     69.87166991,   0063.4803648,     014.99074744,00000080.178
     000068.3305,   11.01642547,   0044.099,     00085.169239,0057.07245
  61.81132805, 73.460461,    89.8805461,69.1920429,055.503375
00030.866342,     034.6537,  0.711612,     9.79017043, 54.83777104
     0000073.605,  0000018.6289,    0064.7823,     0020.06926,      66.42878938
  0059.701208,  00000010.098,     0.5393934588,   56.25024815,   0069.597667
  0029.949,      019.9409,0012.3947271,  00080.609613,   0084.233668
000067.685,   00013.513,     026.26019634,    47.55944212,      65.99776523
 00000052.32, 07.77767,0000081.253,  00093.7379,  010.0973
    059.1313,     049.04945136, 22.827065,   15.03663453,      00062.0371
      71.445551, 25.01913, 020.93091,    46.84950893, 57.02797236
    0078.139,     00051.9567,010.85827,015.6974,      00079.71643
    020.627577,   0000054.934,   000044.2546,     81.0620028,     47.72659912
  056.718332,   0057.3126576, 0061.372,      061.7466807,    00000094.327
    000018.0939,  58.8604264,     35.88627079,      0038.708,0000067.269
    36.60201114,     95.787085,    0000045.3503,      00000019.774,      017.81681294
00094.594,    097.00913,      00068.307,   56.55243091,      009.86157
74.70220947,017.3636105,    000058.32891,      0026.8501254,     88.72683238
     0000059.7917,10.8879445, 00067.373,   0000046.6098,00000040.424
     00000074.364,  84.50428177,    0062.6335436,   27.3540625,37.8833182
    13.83790921,86.2620623,  7.427927083,26.225488,     96.20515939
0094.69445,00014.403,    054.0478246, 0058.503,35.3502491
    0069.9536,   6.677093,     096.00841784, 00054.976857,     0000076.605
   45.55288639,      00076.927,   80.1960309,     000004.0884, 0000073.732
87.8703167,    096.1377,  00042.94933,  0022.8114272,    030.4797321
      76.7814364,   22.34723,    00082.974,    86.037302,    16.7909774
    00026.6739,      0000028.912,  84.535835,      012.5558,00047.8166
    00071.917,094.94372983,   14.63952232,    0023.1061166,  000010.549
  000042.2183,28.9392395,    049.95973503, 73.35614594, 0035.0749
     0054.15512,    00035.559,  00000078.747,   5.476684233,   50.5781961
    49.38063825, 0014.21364,    0047.6467594,     00000062.649, 0000016.602
000094.086,13.28349891,   00014.6227,000053.3177,  0098.46558
000022.678, 001.17095926,069.62885,    12.4484225,  035.0161
    099.53064071,      87.167273,     062.02036,0000061.882,    0000078.815
      0000017.0874,  34.6213368,21.57104338,    000037.113,     0000055.44
      00053.631, 69.0273901,038.41659439,      092.4220875,    055.86486445
      32.43542082, 37.41323178,0032.418,      00010.237, 0091.24917
   00018.158,    0000056.6387,      32.182522,  045.2716496,      00035.368097
   22.28462801,   00082.195165,     0014.76452,     095.65884599,      025.6004
     0081.11789,     0000022.1837,   000053.7857,   00000042.59,     00044.8406
   00053.63439,      85.0850574,      72.857415,    0019.543977, 075.498652
     00057.175513,     58.7496345,    00078.14837,      59.87306785,   0044.879422
     0031.8210684,   60.6807031,  071.8088,   0058.84284,  0063.914
    007.3350785,   000054.354, 17.60365523,     0070.593067,0036.7244
    67.66533375,      78.02371836,     29.34022,    00006.395746, 75.38674068
     89.858431,      034.960703,   98.3091401,    074.037695,   0096.8171872
    44.20820614,76.859395,019.97309963,    00000068.103,  67.97503
      8.41048105,      99.8363741,      15.699306,    000061.389,   49.647024
     043.3195,      097.377647,    22.12241343,    0073.038,    11.77990967
0000086.733,81.58841986,00000065.636,   000034.87234,      45.8823038
00052.032, 0019.149,     016.1407421,      92.755467,  016.552357
    0000061.35,     81.3701969,      0090.4261,      49.3178414,00062.013
   069.62227,    69.34734006,   000000050.17,042.4168,    49.112823
     0000054.5032,  000084.051,      32.052341,     97.17449747,49.35450132
   8.21852728, 00067.354,0039.007524,  000061.09872,  95.23514
     000034.282, 4.514337,      073.997311, 00000090.004,    35.4708785
     0076.6809303,     84.9599309,8.673536652,000095.766,000053.81061
0000062.1312,      00058.5378,   0002.2132697,7.697646,    85.12475762
      59.92987211,     13.8458254,      000071.025,    54.14644365,     0090.0612
    81.3266279,  056.55279,    0016.4803505,     000002.17495,     31.4823494
     00059.89906,   18.3481919,    0000056.144,      005.9495,0079.619933
