# 
# Last Problem
# Tue Apr 29 15:37:51 PDT 2014
# Some Random Numbers
# 
17.082
34.085
23.948
34.544
34.722
29.390
20.525
25.411
33.675
28.871
25.323
29.683
17.531
12.018
12.471
19.898
33.140
32.853
35.868
21.412
29.142
12.808
16.789
15.232
18.790
23.868
36.193
24.544
19.983
20.264
13.050
26.036
16.746
30.574
31.936
18.431
32.668
16.296
13.888
18.278
29.296
19.762
28.926
26.687
29.369
28.260
20.094
19.388
34.986
19.834
32.936
18.030
15.351
21.015
18.423
36.180
29.965
11.992
33.504
34.916
27.526
21.305
30.134
29.607
28.138
13.265
23.121
24.313
33.055
22.864
16.122
28.676
18.974
33.864
11.227
11.929
21.466
18.489
22.056
27.987
19.038
22.242
35.212
11.514
17.264
31.643
18.681
22.999
18.910
22.158
33.745
29.353
22.176
15.623
13.248
17.267
12.184
13.410
35.918
24.926
34.858
30.922
22.056
22.150
32.194
30.733
28.514
24.495
29.978
17.269
13.843
24.539
10.964
31.117
27.800
22.272
13.658
30.968
19.915
34.000
31.361
21.626
25.618
30.665
33.187
16.350
13.363
28.897
13.150
26.206
33.799
32.573
35.050
36.045
12.867
17.533
12.479
28.173
16.792
15.519
30.821
14.889
10.714
34.263
36.076
16.635
25.329
30.876
29.749
20.993
23.624
25.077
36.187
25.943
16.106
30.444
20.687
35.574
24.179
11.681
15.176
11.197
16.117
26.813
35.449
24.994
34.389
17.526
34.229
31.788
12.697
19.439
18.786
30.170
17.669
21.620
21.479
33.397
11.605
19.627
25.496
23.468
22.583
19.504
13.747
30.897
24.354
22.588
34.622
26.300
10.985
11.205
14.946
15.495
15.867
17.658
31.387
18.595
30.785
19.852
27.658
16.625
34.318
18.622
21.581
26.924
33.159
21.814
13.513
34.585
17.334
34.133
24.116
15.274
26.026
14.831
11.972
17.469
21.906
29.089
17.795
31.791
24.986
13.326
17.953
29.680
11.753
13.097
21.759
36.142
27.316
24.228
11.871
17.817
31.303
16.059
15.884
10.993
25.543
30.642
27.872
33.893
11.930
17.292
30.549
31.160
19.946
13.874
20.807
18.602
25.533
16.043
28.747
29.525
25.575
31.118
34.306
12.757
23.874
29.418
29.310
27.051
17.700
14.006
26.410
26.190
31.178
28.594
11.890
27.453
14.251
16.440
26.646
29.573
24.825
25.707
26.188
31.023
34.653
23.513
30.828
27.422
20.736
16.841
12.145
18.291
35.231
18.634
12.466
19.839
35.420
22.853
22.184
27.386
15.414
22.776
28.086
11.012
28.153
24.768
27.775
12.619
34.680
31.482
34.999
17.747
20.698
26.311
16.769
27.650
22.182
22.901
10.811
25.764
33.576
35.443
31.735
12.223
26.390
12.489
25.117
16.521
30.600
13.074
12.004
25.113
26.528
16.704
15.260
26.692
28.952
15.950
30.926
30.107
18.612
35.768
31.513
11.928
35.854
30.124
15.815
13.890
27.794
31.567
17.687
19.969
29.584
29.512
35.700
12.455
11.632
23.875
27.762
21.702
27.166
14.286
27.122
32.167
27.261
35.160
14.863
28.792
15.995
17.388
26.366
12.093
31.751
26.944
32.374
32.340
34.097
22.549
16.332
31.817
20.564
31.179
27.481
22.557
22.847
33.526
13.237
21.344
22.044
10.670
24.622
33.398
26.906
22.875
15.727
23.788
24.464
31.680
29.854
35.641
30.602
20.236
29.971
14.703
35.843
27.539
32.951
13.465
19.834
18.113
20.608
17.870
26.174
21.478
19.693
31.252
20.174
13.142
29.249
31.803
26.855
16.106
35.347
14.065
28.230
19.265
18.134
31.676
24.572
28.985
32.096
11.808
14.880
32.207
32.864
30.378
20.830
17.467
16.991
25.023
22.323
25.153
22.235
22.805
13.689
22.782
16.275
18.548
30.948
22.935
15.201
26.791
25.861
32.111
26.112
19.576
31.119
22.690
35.291
11.951
25.112
25.237
15.787
14.650
32.341
12.734
28.494
24.158
31.305
11.217
30.755
12.560
16.754
24.649
18.576
25.206
10.735
32.056
22.414
30.025
18.933
35.705
27.595
23.707
34.355
25.580
21.995
17.720
28.100
31.060
21.753
26.192
31.245
14.951
22.324
23.635
11.942
18.840
11.959
16.194
15.532
19.644
28.607
21.843
19.065
21.859
