27.608
33.089
20.974
28.158
35.230
24.620
28.733
31.165
22.199
23.351
28.553
26.055
34.605
22.943
25.427
34.968
11.652
17.477
27.794
17.518
27.946
15.927
17.585
27.282
24.171
35.453
35.464
19.722
13.143
34.967
33.236
29.223
27.086
14.625
14.135
35.660
14.985
16.501
14.194
34.155
12.741
13.999
11.078
33.950
15.632
22.478
31.521
22.713
27.469
14.846
16.312
11.646
30.168
12.631
19.653
14.272
18.599
34.258
21.330
24.309
28.104
11.607
13.329
11.463
27.489
21.356
14.877
21.980
25.754
14.864
27.895
34.155
15.284
12.337
24.069
26.660
22.454
23.173
27.962
25.942
24.080
12.541
12.732
16.972
32.254
20.714
12.116
16.503
28.354
33.652
36.126
21.268
24.447
21.025
25.167
25.297
21.374
34.355
23.931
23.950
32.411
33.024
27.783
32.839
13.497
21.970
23.178
35.514
27.982
19.528
19.725
15.733
32.331
12.980
14.077
11.425
19.741
23.437
35.666
16.968
35.225
27.121
14.169
29.956
35.309
32.046
25.004
25.743
30.500
26.275
12.421
18.699
36.076
24.437
29.588
20.822
10.799
34.011
16.398
10.861
30.538
34.632
12.684
19.375
21.364
21.059
23.467
23.376
18.665
12.527
24.792
27.434
13.287
20.614
10.805
32.657
30.738
19.637
23.668
33.088
27.751
24.783
20.208
15.156
29.635
30.109
18.420
14.304
35.838
19.692
15.937
18.477
24.610
31.168
20.492
10.854
23.878
27.284
21.170
15.559
12.277
34.457
30.975
35.662
19.057
28.370
31.141
32.417
28.573
12.410
30.707
19.244
34.998
32.965
34.313
23.312
22.103
31.758
18.675
33.420
30.987
17.210
17.640
35.275
32.202
12.452
21.979
23.374
22.331
21.356
18.569
34.806
18.681
28.011
12.703
14.513
29.622
30.467
25.000
16.844
27.308
30.334
33.015
35.568
14.883
18.045
12.240
20.662
36.017
25.833
17.572
24.217
27.227
30.384
33.860
34.959
30.096
19.041
15.337
28.429
14.143
25.905
20.923
12.266
20.779
21.944
19.536
17.925
29.465
35.908
14.004
32.866
31.077
20.325
31.262
27.819
16.670
26.656
31.276
18.835
24.841
22.434
34.174
35.592
21.412
28.002
11.456
12.005
16.620
17.650
19.757
15.862
20.550
27.135
30.839
24.640
35.257
32.272
32.098
12.439
14.649
14.169
16.863
27.487
30.225
34.343
15.896
25.056
23.849
29.756
17.716
13.496
14.155
27.680
16.686
31.396
26.290
29.459
20.205
22.087
26.895
12.030
20.248
29.913
11.028
29.693
30.040
19.757
20.224
17.975
29.581
31.759
17.673
11.629
29.751
34.836
11.252
33.171
27.799
11.227
34.558
13.979
23.109
33.504
15.157
11.538
12.174
16.654
23.629
21.507
24.055
21.568
14.928
25.543
25.105
14.205
28.711
31.089
17.909
30.300
33.866
31.952
23.281
33.371
15.256
22.986
35.950
18.657
15.940
14.861
33.314
31.038
24.128
21.957
19.537
13.243
25.574
12.201
12.816
22.414
33.679
12.792
24.224
32.252
32.687
36.177
27.473
16.773
25.206
33.094
20.969
35.195
32.959
21.101
16.782
32.348
15.007
25.349
35.763
12.620
16.612
35.455
22.832
31.949
27.190
16.783
21.877
35.088
17.793
30.044
16.477
32.461
32.258
31.023
30.036
18.275
18.120
12.963
18.551
12.343
19.115
27.116
34.688
35.760
17.319
33.251
26.966
32.304
31.590
17.838
30.324
16.484
12.018
33.350
31.041
32.360
11.354
29.602
32.379
11.794
36.023
30.830
26.640
27.206
12.634
17.835
13.099
30.168
26.117
28.950
11.462
27.065
22.801
14.251
20.434
29.260
25.626
19.503
21.433
14.676
23.001
35.577
25.509
31.103
22.391
12.070
25.521
27.617
28.630
23.929
11.808
28.699
19.506
17.538
12.406
28.217
17.578
33.184
35.302
30.142
33.233
16.623
28.592
24.906
12.113
13.134
29.829
14.092
20.948
34.607
16.257
33.934
24.938
17.825
13.459
15.668
14.638
35.801
21.190
19.698
21.591
24.985
13.024
23.935
28.720
27.266
16.047
17.882
30.481
26.479
22.556
33.047
18.711
22.214
17.747
27.869
25.926
34.078
19.375
25.029
